2.5 0.5
-0.5 0.5
3.5 5.5
4.5 5.5
4.5 5.5
7.5 5.5
9.5 -2.5
8.5 -4.5
7.5 -4.5
6.5 -4.5
2.5 0.5
-0.4 0.5
-0.4 0.5
-0.4 1.5
-0.4 -0.5
6.5 -4.4
7.5 -4.4
8.5 -4.4
9.4 -3.5
9.4 -3.5
9.4 -3.5
9.4 -2.5
2.5 0.5
-0.4 0.5
-0.4 0.5
-0.4 1.5
-0.4 -0.5
6.5 -4.4
7.5 -4.4
8.5 -4.4
9.4 -3.5
9.4 -3.5
9.4 -3.5
9.4 -2.5
4.5 -3.4
5.5 -3.4
6.5 -3.4
7.5 -3.4
3.5 -3.4
2.5 -3.4
1.5 -3.4
4.5 -3.4
6.5 4.4
7.5 4.4
8.4 2.5
0 0
0 0
4.5 -3.4
4.5 -3.4
3 -3.5
2.6 -3.5
4.4 -3.5
4.5 -1.5
4.5 -1.5
4.5 -1.5
4.5 -1.5
4.5 -1.5
1.6 1
1.6 0
1.5 0
0.6 -3.5
0.6 -2.5
0.6 -3.5
0.6 2.5
1.4 2.5
1.4 2.5
0.6 -1.5
0.6 -1.5
1.5 2.4
0 -3.5
-2.5 -3.4
-3.4 -2.5
-3.4 -0.5
-2.5 1.4
0.5 2.4
0 -3.5
-2.5 -3.4
-3.4 -2.5
4.4 -3.5
0.6 -3.5
-2.5 -3.4
-6.4 -2.5
-6.4 -2.5
-1.5 0.4
-5.4 1.5
-5.5 4.4
0.4 4.5
1.4 3.5
2.4 2.5
2.4 1.5
2.5 1.4
2.4 0.5
2.5 0.4
2.4 -0.5
2.5 -0.6
2.4 -1.5
-1.5 -2.4
2.4 -3.5
2.4 -3.5
-0.4 -3.5
-2.5 0.4
-2.5 0.4
-4.4 -2.5
-6.4 -2.5
-2.5 0.4
